N_unmapped	8309	8309	8309
N_multimapping	8378	8378	8378
N_noFeature	41575	302288	44595
N_ambiguous	29336	472	20362
ENSG00000277248	0	0	0
ENSG00000283047	0	0	0
ENSG00000280363	0	0	0
ENSG00000279973	0	0	0
ENSG00000226444	0	0	0
ENSG00000276871	0	0	0
ENSG00000283023	2	0	2
ENSG00000276138	0	0	0
ENSG00000280341	0	0	0
ENSG00000236235	0	0	0
ENSG00000279442	0	0	0
ENSG00000184624	0	0	0
ENSG00000236097	0	0	0
ENSG00000236831	0	0	0
ENSG00000130538	0	0	0
ENSG00000237299	0	0	0
ENSG00000235759	0	0	0
ENSG00000233408	0	0	0
ENSG00000215268	1	0	1
ENSG00000213727	0	0	0
ENSG00000230643	0	0	0
ENSG00000230471	0	0	0
ENSG00000231565	0	0	0
ENSG00000226474	0	0	0
ENSG00000224435	0	0	0
ENSG00000234381	0	0	0
ENSG00000198062	0	0	0
ENSG00000236666	0	0	1
ENSG00000212216	0	1	0
ENSG00000241838	1	0	1
ENSG00000225255	0	0	0
ENSG00000235992	0	0	0
ENSG00000206195	4	0	4
ENSG00000271127	1	0	1
ENSG00000232775	0	0	0
ENSG00000272872	1	0	1
ENSG00000271672	0	0	0
ENSG00000223875	0	0	0
ENSG00000215270	0	0	0
ENSG00000229286	0	0	0
ENSG00000233866	0	0	0
ENSG00000278188	0	0	0
ENSG00000225293	0	0	0
ENSG00000226160	0	0	0
ENSG00000229658	0	0	0
ENSG00000227367	0	0	0
ENSG00000280263	0	0	0
ENSG00000235969	0	0	0
ENSG00000273362	0	0	0
ENSG00000233995	0	0	0
ENSG00000239435	3	0	3
ENSG00000198445	0	0	0
ENSG00000240122	0	0	0
ENSG00000100181	1	0	1
ENSG00000283633	0	0	0
ENSG00000267338	0	0	0
ENSG00000249288	0	0	0
ENSG00000249263	0	0	0
ENSG00000189295	0	0	0
ENSG00000259271	0	0	0
ENSG00000273244	0	0	0
ENSG00000241717	1	0	1
ENSG00000235343	0	0	0
ENSG00000172967	0	0	0
ENSG00000229027	0	0	0
ENSG00000234121	0	0	0
ENSG00000283535	0	0	0
ENSG00000237835	0	0	0
ENSG00000220248	0	0	0
ENSG00000237689	0	0	0
ENSG00000228122	0	0	0
ENSG00000237358	0	0	0
ENSG00000225480	0	0	0
ENSG00000230481	0	0	0
ENSG00000253691	0	0	0
ENSG00000253460	0	0	0
ENSG00000254264	0	0	0
ENSG00000253481	0	0	0
ENSG00000280156	1	0	1
ENSG00000215568	0	0	0
ENSG00000270226	0	1	0
ENSG00000276400	0	0	0
ENSG00000237438	46	0	46
ENSG00000273203	17	0	17
ENSG00000273442	2	1	1
ENSG00000177663	349	0	349
ENSG00000235328	1	1	0
ENSG00000183307	3	3	1
ENSG00000235478	0	1	0
ENSG00000069998	554	5	554
ENSG00000185837	3	0	8
ENSG00000093072	140	3	138
ENSG00000236325	0	0	0
ENSG00000203416	0	0	0
ENSG00000241832	1	1	0
ENSG00000231004	0	0	0
ENSG00000239547	0	0	0
ENSG00000099954	2	0	2
ENSG00000229492	0	0	0
ENSG00000232305	0	0	0
ENSG00000228045	0	0	0
ENSG00000182902	5	5	0
ENSG00000236754	0	0	0
ENSG00000131100	1189	2	1187
ENSG00000099968	1189	8	1184
ENSG00000015475	1042	41	1001
ENSG00000264757	0	0	0
ENSG00000269220	68	0	68
ENSG00000243156	1259	32	1228
ENSG00000093100	13	11	2
ENSG00000207780	3	0	3
ENSG00000235445	3	0	3
ENSG00000234913	0	0	0
ENSG00000237446	0	0	0
ENSG00000235295	0	0	0
ENSG00000225335	18	61	14
ENSG00000215193	614	4	669
ENSG00000236890	1	1	0
ENSG00000235617	0	0	0
ENSG00000225225	0	1	0
ENSG00000183785	1	1	1
ENSG00000280007	15	37	3
ENSG00000184979	439	2	437
ENSG00000187979	0	0	0
ENSG00000276160	0	0	0
ENSG00000274044	1	0	1
ENSG00000276874	0	0	0
ENSG00000275060	0	0	0
ENSG00000277017	0	0	0
ENSG00000277870	0	0	0
ENSG00000278044	0	0	0
ENSG00000274252	0	0	0
ENSG00000275319	0	0	0
ENSG00000277690	0	0	0
ENSG00000278558	19	1	18
ENSG00000274602	77	0	77
ENSG00000274625	0	0	0
ENSG00000222630	0	0	0
ENSG00000275793	5	0	5
ENSG00000275362	0	0	0
ENSG00000278110	0	0	0
ENSG00000273907	0	0	0
ENSG00000273643	0	0	0
ENSG00000278008	0	0	0
ENSG00000182824	0	0	0
ENSG00000197421	1	0	2
ENSG00000239989	0	0	0
ENSG00000234764	18	0	18
ENSG00000161103	1	1	0
ENSG00000215544	0	0	0
ENSG00000276095	0	0	0
ENSG00000279987	0	0	0
ENSG00000183628	43	26	41
ENSG00000100033	120	2	142
ENSG00000279560	3	0	3
ENSG00000280418	1	0	1
ENSG00000237517	0	0	0
ENSG00000283406	1	1	0
ENSG00000283583	0	0	0
ENSG00000271275	0	0	0
ENSG00000283366	0	0	0
ENSG00000273032	1	1	0
ENSG00000270393	0	0	0
ENSG00000273164	0	0	0
ENSG00000241527	2	0	2
ENSG00000070413	634	0	634
ENSG00000206739	1	1	0
ENSG00000273311	13	0	13
ENSG00000237347	3	3	0
ENSG00000281530	8	0	8
ENSG00000223461	2	2	0
ENSG00000272682	0	1	0
ENSG00000231086	1	0	2
ENSG00000100056	216	0	219
ENSG00000206203	0	3	0
ENSG00000063515	1	0	1
ENSG00000260924	25	1	24
ENSG00000100075	931	10	921
ENSG00000070371	29	0	29
ENSG00000230194	0	0	0
ENSG00000251940	0	0	0
ENSG00000233471	0	0	0
ENSG00000100084	63	0	63
ENSG00000242259	302	9	301
ENSG00000244296	0	0	0
ENSG00000185608	432	1	431
ENSG00000185065	16	5	24
ENSG00000070010	412	22	527
ENSG00000273300	0	24	4
ENSG00000273212	1	106	1
ENSG00000093009	209	1	208
ENSG00000184113	2	2	0
ENSG00000281548	0	0	0
ENSG00000230485	0	0	0
ENSG00000225007	0	0	0
ENSG00000184702	1	0	1
ENSG00000203618	0	0	0
ENSG00000184058	0	1	0
ENSG00000185838	94	0	94
ENSG00000235776	8	1	7
ENSG00000215012	258	1	259
ENSG00000184470	180	45	181
ENSG00000232926	6	6	0
ENSG00000093010	509	7	552
ENSG00000099889	109	2	111
ENSG00000183597	104	1	236
ENSG00000208023	0	0	0
ENSG00000236540	13	49	1
ENSG00000268292	0	93	0
ENSG00000277950	0	0	0
ENSG00000128191	409	17	487
ENSG00000243762	0	84	6
ENSG00000099899	358	3	451
ENSG00000278278	0	0	0
ENSG00000099901	1049	103	1042
ENSG00000264346	0	0	0
ENSG00000099904	165	2	163
ENSG00000234409	8	3	5
ENSG00000249923	0	0	0
ENSG00000236499	10	0	10
ENSG00000040608	1	0	1
ENSG00000221039	0	0	0
ENSG00000161132	0	0	0
ENSG00000128185	138	0	138
ENSG00000273343	5	0	5
ENSG00000273139	3	0	3
ENSG00000188280	0	0	0
ENSG00000235578	0	0	0
ENSG00000161133	3	0	3
ENSG00000185252	126	1	126
ENSG00000207343	0	0	0
ENSG00000244486	5	0	5
ENSG00000277971	0	0	0
ENSG00000099910	237	1	236
ENSG00000215493	17	13	4
ENSG00000255156	0	0	0
ENSG00000201916	1	1	0
ENSG00000242876	1	0	1
ENSG00000236670	0	0	0
ENSG00000099917	831	5	885
ENSG00000236003	5	5	0
ENSG00000250261	2	60	1
ENSG00000223553	1	0	1
ENSG00000276427	0	0	0
ENSG00000238125	0	0	0
ENSG00000229107	5	0	5
ENSG00000217261	0	0	0
ENSG00000235062	0	0	0
ENSG00000226287	13	2	12
ENSG00000241973	1185	73	1184
ENSG00000099937	6	4	2
ENSG00000099940	292	3	387
ENSG00000272600	0	23	1
ENSG00000099942	2261	5	2256
ENSG00000237476	7	3	4
ENSG00000183773	3	1	2
ENSG00000099949	489	5	484
ENSG00000272829	8	0	8
ENSG00000184436	209	4	212
ENSG00000230513	19	11	34
ENSG00000161149	5	15	9
ENSG00000099957	6	0	6
ENSG00000099960	0	0	0
ENSG00000226872	0	0	0
ENSG00000207575	0	0	0
ENSG00000206145	0	0	0
ENSG00000187905	1	0	1
ENSG00000249680	0	0	0
ENSG00000169668	0	0	0
ENSG00000197210	0	0	0
ENSG00000239511	0	0	0
ENSG00000224688	0	0	0
ENSG00000215498	0	0	0
ENSG00000234503	0	0	0
ENSG00000133475	0	0	0
ENSG00000283145	0	0	0
ENSG00000226885	0	0	0
ENSG00000229266	0	0	0
ENSG00000169662	1	0	1
ENSG00000206142	0	0	0
ENSG00000237407	0	0	0
ENSG00000232771	0	0	0
ENSG00000279920	0	0	0
ENSG00000226534	0	0	0
ENSG00000273846	0	0	0
ENSG00000274600	1	0	1
ENSG00000200057	0	0	0
ENSG00000252020	0	0	0
ENSG00000275840	1	1	0
ENSG00000169635	126	0	126
ENSG00000276800	0	0	0
ENSG00000206140	7	0	7
ENSG00000183506	75	2	74
ENSG00000252143	0	0	0
ENSG00000222352	0	0	0
ENSG00000183246	1	0	1
ENSG00000185651	1137	16	1121
ENSG00000275293	0	0	0
ENSG00000161179	215	4	211
ENSG00000161180	2	0	2
ENSG00000273342	0	0	0
ENSG00000128228	165	0	166
ENSG00000207751	8	0	8
ENSG00000212102	1	0	1
ENSG00000272954	0	0	0
ENSG00000100023	320	6	359
ENSG00000100027	7	41	11
ENSG00000244671	5	1	4
ENSG00000100030	1634	3	1632
ENSG00000200985	0	0	0
ENSG00000225544	10	0	10
ENSG00000100034	304	3	342
ENSG00000224086	39	234	6
ENSG00000100038	4	1	163
ENSG00000197549	0	0	0
ENSG00000253239	0	0	0
ENSG00000211637	0	0	0
ENSG00000254355	0	0	0
ENSG00000278657	1	1	0
ENSG00000249333	0	0	0
ENSG00000253794	0	0	0
ENSG00000228161	0	0	0
ENSG00000253874	0	0	0
ENSG00000254075	0	0	0
ENSG00000254161	0	0	0
ENSG00000253242	0	0	0
ENSG00000253752	0	0	0
ENSG00000253823	0	0	0
ENSG00000275361	0	0	0
ENSG00000211638	0	0	0
ENSG00000225741	0	0	0
ENSG00000263366	0	0	0
ENSG00000236118	0	0	0
ENSG00000233720	0	0	0
ENSG00000211639	0	0	0
ENSG00000227710	1	0	1
ENSG00000224465	0	0	0
ENSG00000254308	0	0	0
ENSG00000253637	0	0	0
ENSG00000236323	0	0	0
ENSG00000211640	0	0	0
ENSG00000253126	0	0	0
ENSG00000211641	0	0	0
ENSG00000211642	0	0	0
ENSG00000253935	0	0	0
ENSG00000228050	0	0	0
ENSG00000234726	0	0	0
ENSG00000169575	0	0	0
ENSG00000279278	10	10	0
ENSG00000274422	1	0	1
ENSG00000234630	4	4	0
ENSG00000236850	6	0	6
ENSG00000272779	22	0	22
ENSG00000211643	0	0	0
ENSG00000211644	2	0	2
ENSG00000211645	0	0	0
ENSG00000225724	0	0	0
ENSG00000223350	0	0	0
ENSG00000232515	0	0	0
ENSG00000211647	0	0	0
ENSG00000211648	0	0	0
ENSG00000237428	0	0	0
ENSG00000211649	0	1	0
ENSG00000232603	0	0	0
ENSG00000211650	0	0	0
ENSG00000211651	0	0	0
ENSG00000211652	0	0	0
ENSG00000254175	0	0	0
ENSG00000254073	0	0	0
ENSG00000253818	0	0	0
ENSG00000211653	0	0	0
ENSG00000224144	0	0	0
ENSG00000253889	0	0	0
ENSG00000211654	0	0	0
ENSG00000211655	0	0	0
ENSG00000230821	0	0	0
ENSG00000253631	0	0	0
ENSG00000226595	0	0	0
ENSG00000275004	145	1	145
ENSG00000169548	2	1	2
ENSG00000185686	8	1	8
ENSG00000220891	0	0	0
ENSG00000253120	0	0	0
ENSG00000211656	1	1	0
ENSG00000211657	0	0	0
ENSG00000253920	1	1	0
ENSG00000253329	0	0	0
ENSG00000215456	1	0	1
ENSG00000183169	1	0	1
ENSG00000100121	0	0	0
ENSG00000253338	0	0	0
ENSG00000253451	0	0	0
ENSG00000211658	0	0	0
ENSG00000253913	0	0	0
ENSG00000253779	0	0	0
ENSG00000211659	0	0	0
ENSG00000232350	0	0	0
ENSG00000223999	0	0	0
ENSG00000253822	0	0	0
ENSG00000211660	0	0	0
ENSG00000253546	0	0	0
ENSG00000211661	0	0	0
ENSG00000211662	0	0	0
ENSG00000254240	0	0	0
ENSG00000211663	0	0	0
ENSG00000278667	0	0	0
ENSG00000211664	0	0	0
ENSG00000253152	0	0	0
ENSG00000211665	0	0	0
ENSG00000253786	0	0	0
ENSG00000211666	0	0	0
ENSG00000253590	0	0	0
ENSG00000211667	1	1	0
ENSG00000231392	0	0	0
ENSG00000275772	22	0	22
ENSG00000211668	9	9	0
ENSG00000274381	5	5	0
ENSG00000211669	2194	8	2186
ENSG00000226477	0	0	0
ENSG00000211670	0	0	0
ENSG00000278196	0	0	0
ENSG00000237127	0	0	0
ENSG00000254077	0	0	0
ENSG00000253448	0	0	0
ENSG00000253234	0	0	0
ENSG00000226420	0	0	0
ENSG00000211672	1	1	0
ENSG00000253963	0	0	0
ENSG00000211673	1	1	0
ENSG00000264824	0	0	0
ENSG00000254709	52	0	52
ENSG00000211674	0	0	0
ENSG00000211675	0	0	0
ENSG00000211676	21	0	21
ENSG00000211677	188	0	188
ENSG00000211678	6	0	6
ENSG00000211679	22	0	22
ENSG00000211680	0	0	0
ENSG00000254029	1	0	1
ENSG00000211681	0	0	0
ENSG00000254030	0	0	0
ENSG00000211682	0	0	0
ENSG00000222037	0	0	0
ENSG00000211684	0	0	0
ENSG00000211685	0	0	0
ENSG00000237472	0	0	0
ENSG00000223679	0	0	0
ENSG00000100218	6	1	6
ENSG00000128266	3	1	3
ENSG00000283438	1	0	1
ENSG00000275635	0	0	0
ENSG00000100228	1	2	0
ENSG00000186716	2672	13	2662
ENSG00000236794	1	1	2
ENSG00000240160	4	3	2
ENSG00000230701	33	0	33
ENSG00000214526	0	0	0
ENSG00000236611	0	0	0
ENSG00000215478	0	0	0
ENSG00000133519	0	0	0
ENSG00000248409	0	0	0
ENSG00000234928	1	1	0
ENSG00000227755	2	0	3
ENSG00000178248	1	2	0
ENSG00000225413	0	0	0
ENSG00000280623	0	0	0
ENSG00000224277	0	0	0
ENSG00000128322	0	0	0
ENSG00000272733	0	1	0
ENSG00000278655	0	0	0
ENSG00000189269	0	0	0
ENSG00000275609	0	0	0
ENSG00000211683	0	0	0
ENSG00000228315	0	0	0
ENSG00000234353	2	0	2
ENSG00000244723	6	0	6
ENSG00000273000	0	0	0
ENSG00000272578	12	0	13
ENSG00000159496	19	78	0
ENSG00000187792	78	0	78
ENSG00000128218	2	1	1
ENSG00000169314	10	190	4
ENSG00000250479	424	4	603
ENSG00000099953	1	0	3
ENSG00000280178	0	2	0
ENSG00000099956	1043	12	1031
ENSG00000099958	34	4	31
ENSG00000272973	1	1	4
ENSG00000133460	49	11	42
ENSG00000251357	0	0	0
ENSG00000279467	1	13	0
ENSG00000244425	4	4	0
ENSG00000240972	4	2	368
ENSG00000218537	11	4135	18
ENSG00000273295	19	1	18
ENSG00000225282	6	6	0
ENSG00000206090	0	0	0
ENSG00000231271	0	0	0
ENSG00000133433	3	0	3
ENSG00000228039	0	0	0
ENSG00000099974	16	479	19
ENSG00000272787	10	1	9
ENSG00000099977	11	9	485
ENSG00000250470	0	0	0
ENSG00000099984	0	0	0
ENSG00000224205	0	0	0
ENSG00000276950	0	0	0
ENSG00000235689	0	0	0
ENSG00000099991	1921	14	1908
ENSG00000232545	28	0	28
ENSG00000099994	1	0	1
ENSG00000099998	3	3	2
ENSG00000230712	0	0	0
ENSG00000128262	2	0	2
ENSG00000225098	0	0	0
ENSG00000215464	0	0	0
ENSG00000100014	285	1	284
ENSG00000258555	0	0	0
ENSG00000128271	3	1	9
ENSG00000178803	17	120	2
ENSG00000100024	278	4	276
ENSG00000228923	5	0	5
ENSG00000138867	1654	33	1665
ENSG00000100028	727	31	740
ENSG00000100031	251	1	250
ENSG00000178026	44	1	43
ENSG00000230947	0	0	0
ENSG00000215481	4	0	4
ENSG00000224124	0	0	0
ENSG00000224806	0	0	0
ENSG00000224334	1	0	1
ENSG00000282012	0	0	0
ENSG00000237601	0	0	0
ENSG00000182351	1	0	1
ENSG00000184571	0	0	0
ENSG00000167037	1	0	1
ENSG00000199783	0	0	0
ENSG00000206069	0	0	0
ENSG00000197077	295	0	297
ENSG00000279085	1	2	0
ENSG00000279548	0	0	0
ENSG00000279006	0	0	0
ENSG00000279110	2	2	0
ENSG00000203280	0	1	0
ENSG00000271181	1	1	0
ENSG00000100053	1	0	1
ENSG00000236641	0	0	0
ENSG00000244752	0	0	0
ENSG00000279298	0	0	0
ENSG00000233577	0	0	0
ENSG00000206066	0	0	0
ENSG00000230637	0	0	0
ENSG00000231466	2	0	2
ENSG00000100068	50	0	50
ENSG00000272942	1	0	1
ENSG00000272798	0	0	0
ENSG00000271138	0	0	0
ENSG00000100058	124	1	123
ENSG00000277872	1	0	1
ENSG00000272977	17	0	17
ENSG00000234884	2	0	2
ENSG00000100077	2548	7	2541
ENSG00000237387	8	9	0
ENSG00000224003	22	0	23
ENSG00000222585	1	1	0
ENSG00000133454	271	1	270
ENSG00000278960	0	0	0
ENSG00000231933	1	1	0
ENSG00000232464	1	1	0
ENSG00000223056	1	1	0
ENSG00000232050	0	0	0
ENSG00000236464	1	1	0
ENSG00000229770	0	0	0
ENSG00000100095	12	0	12
ENSG00000224192	0	0	0
ENSG00000252267	0	0	0
ENSG00000230203	1	0	1
ENSG00000128203	151	14	176
ENSG00000100099	744	30	754
ENSG00000100104	190	100	368
ENSG00000100109	435	202	511
ENSG00000261188	52	0	52
ENSG00000128294	250	1	249
ENSG00000221760	0	0	0
ENSG00000213707	23	0	23
ENSG00000100122	1	1	0
ENSG00000196431	1	0	1
ENSG00000226912	0	0	0
ENSG00000225783	49	9	66
ENSG00000278404	0	0	0
ENSG00000206028	0	21	7
ENSG00000277941	0	0	0
ENSG00000275942	0	0	0
ENSG00000244625	54	0	54
ENSG00000276991	0	0	0
ENSG00000223704	1	1	1
ENSG00000231369	1	0	1
ENSG00000235271	1	0	1
ENSG00000279440	0	0	0
ENSG00000200443	0	0	0
ENSG00000279914	0	0	0
ENSG00000279848	0	0	0
ENSG00000236858	0	0	0
ENSG00000280025	0	0	0
ENSG00000231405	0	0	0
ENSG00000238195	0	0	0
ENSG00000233521	0	0	0
ENSG00000233574	0	0	0
ENSG00000223726	0	0	0
ENSG00000226741	0	0	0
ENSG00000230051	0	0	0
ENSG00000280445	0	0	0
ENSG00000227880	0	0	0
ENSG00000224027	0	0	0
ENSG00000227838	0	0	0
ENSG00000231495	0	0	0
ENSG00000226169	0	0	0
ENSG00000169184	5	1	4
ENSG00000180957	653	5	654
ENSG00000235954	49	122	43
ENSG00000277460	0	0	0
ENSG00000264073	0	0	0
ENSG00000283225	0	0	0
ENSG00000276150	0	0	0
ENSG00000100154	859	7	965
ENSG00000274342	0	0	0
ENSG00000276675	0	0	0
ENSG00000239249	1	0	1
ENSG00000201209	0	0	0
ENSG00000199797	0	0	0
ENSG00000276162	0	0	0
ENSG00000266503	0	0	0
ENSG00000183765	421	42	422
ENSG00000100209	120	1	161
ENSG00000159873	535	1	535
ENSG00000100219	1547	13	1536
ENSG00000226471	19	0	20
ENSG00000272858	6	0	6
ENSG00000224256	0	0	0
ENSG00000183579	187	1	187
ENSG00000235786	0	0	0
ENSG00000177993	2	1	1
ENSG00000100249	0	0	0
ENSG00000183762	229	1	228
ENSG00000226772	0	0	0
ENSG00000200871	0	0	0
ENSG00000251952	3	0	3
ENSG00000186998	1962	12	1954
ENSG00000100263	131	48	98
ENSG00000237015	15	2	25
ENSG00000182944	2993	12	2982
ENSG00000185340	19	0	19
ENSG00000100276	2	0	2
ENSG00000273216	1	0	1
ENSG00000100280	1950	4	1948
ENSG00000280968	0	0	0
ENSG00000239127	0	0	0
ENSG00000242156	0	0	0
ENSG00000278292	0	0	0
ENSG00000225465	3	2	5
ENSG00000274457	0	0	0
ENSG00000128250	0	2	1
ENSG00000282816	0	0	0
ENSG00000100285	23	1	22
ENSG00000100296	472	4	468
ENSG00000234208	1	0	1
ENSG00000184117	1819	6	1813
ENSG00000186575	1175	6	1170
ENSG00000233010	0	0	0
ENSG00000232396	0	0	0
ENSG00000239446	0	0	0
ENSG00000100314	4	144	1
ENSG00000100319	149	0	290
ENSG00000200976	1	1	0
ENSG00000184076	1301	5	1297
ENSG00000100325	598	6	594
ENSG00000100330	73	1	682
ENSG00000207455	0	0	0
ENSG00000279159	45	626	0
ENSG00000275818	0	0	0
ENSG00000227117	1	1	0
ENSG00000227201	0	0	0
ENSG00000176635	4	1	3
ENSG00000226573	0	0	0
ENSG00000225971	0	0	0
ENSG00000225676	1	1	0
ENSG00000232530	1	3	0
ENSG00000128342	262	2	266
ENSG00000268812	6	3	7
ENSG00000099985	29	0	29
ENSG00000279699	2	0	2
ENSG00000239282	4	1	4
ENSG00000248751	0	0	0
ENSG00000099992	145	2	143
ENSG00000099995	1772	13	1838
ENSG00000187860	6	102	10
ENSG00000099999	104	9	123
ENSG00000100003	65	54	14
ENSG00000249590	0	0	0
ENSG00000273350	11	10	1
ENSG00000222915	0	2	0
ENSG00000272689	2	0	4
ENSG00000242114	20	3	17
ENSG00000273428	1	0	1
ENSG00000230137	0	1	0
ENSG00000100012	3	3	0
ENSG00000181123	0	0	0
ENSG00000214161	0	0	0
ENSG00000133488	0	0	0
ENSG00000214491	0	0	0
ENSG00000225774	0	0	0
ENSG00000128242	8	1	7
ENSG00000100029	1193	7	1189
ENSG00000223831	0	0	0
ENSG00000185339	172	2	174
ENSG00000100036	65	57	64
ENSG00000167065	74	1	129
ENSG00000250318	9	0	9
ENSG00000184792	33	14	19
ENSG00000264661	0	0	0
ENSG00000237977	7	6	1
ENSG00000235989	2	33	3
ENSG00000133422	209	6	238
ENSG00000253352	782	2	1124
ENSG00000276664	0	0	0
ENSG00000276057	0	0	0
ENSG00000276965	0	0	0
ENSG00000275307	0	0	0
ENSG00000269987	0	213	2
ENSG00000269972	0	129	0
ENSG00000278920	0	0	0
ENSG00000240186	0	0	0
ENSG00000183963	146	7	161
ENSG00000273387	2	18	6
ENSG00000198832	85	0	85
ENSG00000235573	0	0	0
ENSG00000185133	0	0	0
ENSG00000100078	0	0	0
ENSG00000214125	0	0	0
ENSG00000264141	0	0	0
ENSG00000138942	284	1	356
ENSG00000254835	0	72	1
ENSG00000182541	562	16	546
ENSG00000199695	0	0	0
ENSG00000202019	1	1	0
ENSG00000100100	175	38	139
ENSG00000228839	6	5	3
ENSG00000212542	1	1	0
ENSG00000100105	317	6	313
ENSG00000213888	39	3	36
ENSG00000206615	0	0	0
ENSG00000185721	605	5	601
ENSG00000184708	305	21	403
ENSG00000240591	1	103	2
ENSG00000199248	0	0	0
ENSG00000198089	635	43	627
ENSG00000233733	0	0	0
ENSG00000229169	0	0	0
ENSG00000214093	1	0	1
ENSG00000241878	790	9	804
ENSG00000183530	1921	7	1915
ENSG00000100150	341	2	340
ENSG00000242251	0	0	0
ENSG00000236132	0	0	0
ENSG00000252909	0	0	0
ENSG00000227813	1	1	0
ENSG00000128254	1	3	1
ENSG00000128245	1118	1	1120
ENSG00000227519	0	0	0
ENSG00000230866	0	0	0
ENSG00000240647	0	0	0
ENSG00000232346	14	0	14
ENSG00000100170	0	0	0
ENSG00000234479	1	0	1
ENSG00000237439	0	0	0
ENSG00000232707	0	0	0
ENSG00000239674	0	0	0
ENSG00000205856	0	0	0
ENSG00000230120	0	0	0
ENSG00000275656	0	0	0
ENSG00000128253	4	1	7
ENSG00000279219	1	4	1
ENSG00000254127	0	0	0
ENSG00000242082	0	0	0
ENSG00000100191	1	0	1
ENSG00000214076	15	2	13
ENSG00000224050	0	0	0
ENSG00000273325	0	0	0
ENSG00000234626	0	0	0
ENSG00000128276	0	5	0
ENSG00000271093	0	0	0
ENSG00000205853	0	0	8
ENSG00000274617	0	1	0
ENSG00000274170	0	0	0
ENSG00000230736	2	2	0
ENSG00000243519	1	1	0
ENSG00000241954	6	6	0
ENSG00000232218	2	2	0
ENSG00000100220	1705	5	1701
ENSG00000184459	0	0	0
ENSG00000100225	1696	3	1694
ENSG00000185666	0	0	0
ENSG00000236054	0	0	0
ENSG00000251890	0	0	0
ENSG00000229673	0	0	0
ENSG00000100234	10	0	10
ENSG00000228194	0	0	0
ENSG00000228622	0	0	0
ENSG00000231253	0	0	0
ENSG00000233632	0	0	0
ENSG00000133424	1364	8	1371
ENSG00000232073	0	8	0
ENSG00000230741	2	2	0
ENSG00000266012	0	0	0
ENSG00000281295	0	0	0
ENSG00000253007	0	0	0
ENSG00000232081	2	0	2
ENSG00000224973	19	19	0
ENSG00000273082	0	1	6
ENSG00000236052	0	0	0
ENSG00000224404	0	0	0
ENSG00000235485	0	0	0
ENSG00000280356	2	2	0
ENSG00000234891	0	0	0
ENSG00000237316	1	0	1
ENSG00000227895	9	0	9
ENSG00000175329	51	5	46
ENSG00000233080	19	0	66
ENSG00000273068	3	3	0
ENSG00000279184	390	455	2
ENSG00000238153	0	0	0
ENSG00000243453	0	0	2
ENSG00000238584	0	0	0
ENSG00000100281	459	2	457
ENSG00000273176	1	0	1
ENSG00000100284	376	3	373
ENSG00000266320	0	0	0
ENSG00000274280	0	0	0
ENSG00000282602	0	0	0
ENSG00000282041	0	0	0
ENSG00000100292	261	0	261
ENSG00000100297	1731	1	1730
ENSG00000233388	1	1	0
ENSG00000273044	0	0	0
ENSG00000100302	2	0	2
ENSG00000198125	0	0	0
ENSG00000268818	1	0	1
ENSG00000221963	608	1	607
ENSG00000228587	0	0	0
ENSG00000226336	0	0	0
ENSG00000128313	0	0	0
ENSG00000100320	33	1	33
ENSG00000237406	0	0	0
ENSG00000279652	0	0	0
ENSG00000279927	0	0	0
ENSG00000279217	0	1	0
ENSG00000279714	0	0	0
ENSG00000279805	4	0	4
ENSG00000128284	487	1	487
ENSG00000233764	0	0	0
ENSG00000231576	0	0	0
ENSG00000237948	0	0	0
ENSG00000225557	0	1	0
ENSG00000237129	0	0	0
ENSG00000229088	0	0	0
ENSG00000100336	6	3	3
ENSG00000128335	658	3	656
ENSG00000100342	728	4	727
ENSG00000100345	19719	125	19599
ENSG00000278420	0	0	0
ENSG00000223695	3	0	3
ENSG00000237668	2	2	0
ENSG00000252225	1	1	0
ENSG00000228719	1	0	1
ENSG00000100348	856	4	852
ENSG00000100350	231	6	225
ENSG00000100353	4857	13	4844
ENSG00000188078	0	0	0
ENSG00000229971	0	0	0
ENSG00000261675	0	0	0
ENSG00000166862	0	0	0
ENSG00000234688	0	0	0
ENSG00000100360	193	1	193
ENSG00000100362	0	0	0
ENSG00000234979	0	0	0
ENSG00000183822	1	23	0
ENSG00000100365	136	4	155
ENSG00000100368	426	1	425
ENSG00000232254	0	0	0
ENSG00000215403	0	2	0
ENSG00000185264	0	0	0
ENSG00000128311	94	3	91
ENSG00000252412	0	0	0
ENSG00000128309	339	2	338
ENSG00000100379	98	0	98
ENSG00000201078	0	0	0
ENSG00000187045	3	0	3
ENSG00000231467	1	1	0
ENSG00000100385	883	2	882
ENSG00000235237	1	6	1
ENSG00000133466	99	1	104
ENSG00000278195	13	1	13
ENSG00000226233	0	0	0
ENSG00000128340	3811	8	3806
ENSG00000100055	875	3	872
ENSG00000243902	0	0	0
ENSG00000237862	1	1	0
ENSG00000166897	4	3	4
ENSG00000272694	0	0	0
ENSG00000100060	525	1	526
ENSG00000100065	0	1	0
ENSG00000225867	0	0	0
ENSG00000128283	0	0	0
ENSG00000100079	0	0	0
ENSG00000273866	0	0	0
ENSG00000100083	670	9	661
ENSG00000100092	341	14	738
ENSG00000233360	11	417	5
ENSG00000241360	13	0	13
ENSG00000241333	1	0	1
ENSG00000100097	6622	16	6610
ENSG00000273899	9	0	9
ENSG00000100101	0	0	0
ENSG00000100106	261	3	259
ENSG00000189060	134	3	131
ENSG00000100116	286	1	285
ENSG00000128310	2	0	3
ENSG00000100124	166	4	178
ENSG00000207696	1	0	1
ENSG00000100129	2941	18	2942
ENSG00000279738	28	0	28
ENSG00000207227	0	0	0
ENSG00000100139	583	4	580
ENSG00000278948	4	0	101
ENSG00000128346	18	115	1
ENSG00000279010	52	5	54
ENSG00000272582	0	0	0
ENSG00000100142	3	0	3
ENSG00000100146	0	3	0
ENSG00000222044	0	0	0
ENSG00000273214	0	0	0
ENSG00000100151	96	1	107
ENSG00000233739	0	11	0
ENSG00000100156	1	1	0
ENSG00000128298	4	0	4
ENSG00000272720	1	1	0
ENSG00000184381	184	6	260
ENSG00000279080	8	87	0
ENSG00000185022	66	3	64
ENSG00000198792	123	1	130
ENSG00000235246	0	7	0
ENSG00000241693	1	1	1
ENSG00000277385	0	0	0
ENSG00000213923	431	2	429
ENSG00000244627	63	1	63
ENSG00000229955	2	0	2
ENSG00000228620	0	1	0
ENSG00000168135	2	1	2
ENSG00000100196	12	43	1
ENSG00000100201	6760	13	6786
ENSG00000100206	87	3	85
ENSG00000224279	0	0	0
ENSG00000184949	27	0	27
ENSG00000100211	56	8	89
ENSG00000230912	3	3	0
ENSG00000228274	22	49	14
ENSG00000100216	904	1	903
ENSG00000100221	1144	23	1124
ENSG00000100226	1560	272	1559
ENSG00000229598	9	10	0
ENSG00000100242	855	100	1502
ENSG00000244491	0	39	0
ENSG00000230149	4	37	6
ENSG00000273096	6	0	6
ENSG00000225450	1	108	5
ENSG00000272669	10	3	15
ENSG00000273076	0	0	0
ENSG00000100246	115	0	115
ENSG00000221890	13	1	13
ENSG00000183741	2448	12	2437
ENSG00000235209	0	0	0
ENSG00000128383	0	1	0
ENSG00000179750	126	0	140
ENSG00000249310	0	76	1
ENSG00000244509	2071	4	2069
ENSG00000243811	578	1	578
ENSG00000128394	321	2	319
ENSG00000239713	2556	9	2548
ENSG00000259421	1	0	1
ENSG00000225720	34	0	34
ENSG00000100298	31	0	31
ENSG00000100307	295	40	380
ENSG00000226024	0	0	0
ENSG00000279833	11	137	0
ENSG00000227009	0	0	0
ENSG00000100311	4	0	4
ENSG00000224794	1	1	0
ENSG00000100316	24508	85	24434
ENSG00000209480	0	0	0
ENSG00000209482	2	0	2
ENSG00000263764	1	0	1
ENSG00000100321	27	1	26
ENSG00000280216	1	0	1
ENSG00000100324	320	3	319
ENSG00000128268	1340	6	1336
ENSG00000227188	7	7	0
ENSG00000100335	1171	4	1168
ENSG00000128272	2080	9	2072
ENSG00000187051	400	7	393
ENSG00000100346	1	2	1
ENSG00000176177	6	1	5
ENSG00000235647	0	1	0
ENSG00000238875	0	0	0
ENSG00000226085	211	1	211
ENSG00000100351	12	0	12
ENSG00000225528	0	0	0
ENSG00000133477	1	3	1
ENSG00000261202	2	1	3
ENSG00000100354	1317	6	1314
ENSG00000228599	1	1	0
ENSG00000239900	1078	1	1077
ENSG00000100359	724	11	716
ENSG00000229999	3	3	0
ENSG00000196588	759	9	753
ENSG00000272834	2	2	0
ENSG00000227413	6	6	0
ENSG00000232564	9	9	0
ENSG00000172912	1	1	0
ENSG00000230071	18	0	18
ENSG00000231907	1	0	1
ENSG00000128285	1	1	0
ENSG00000100372	557	0	557
ENSG00000230769	6	0	6
ENSG00000233603	2	2	0
ENSG00000266594	0	0	0
ENSG00000100380	4187	31	4158
ENSG00000196236	355	2	370
ENSG00000172404	2	19	0
ENSG00000273979	1	0	1
ENSG00000200683	0	0	0
ENSG00000100387	820	0	820
ENSG00000222698	0	0	0
ENSG00000237214	3	0	3
ENSG00000199515	0	0	0
ENSG00000213857	1	0	1
ENSG00000100393	1071	4	1101
ENSG00000252859	0	0	0
ENSG00000232754	1	34	0
ENSG00000231993	3	2	1
ENSG00000215771	0	0	0
ENSG00000100395	431	9	630
ENSG00000235513	8	149	7
ENSG00000100399	1	60	2
ENSG00000100401	1316	9	1308
ENSG00000274552	0	0	0
ENSG00000100403	1148	1	1147
ENSG00000167074	132	1	131
ENSG00000199865	0	0	0
ENSG00000273424	3	0	3
ENSG00000183864	558	9	549
ENSG00000100410	307	0	307
ENSG00000100412	2249	55	3714
ENSG00000100413	172	1484	206
ENSG00000172346	3	64	0
ENSG00000100417	125	1	185
ENSG00000100418	1065	5	1061
ENSG00000196419	4940	15	4926
ENSG00000200332	0	0	0
ENSG00000100138	1161	4	1158
ENSG00000207457	1	1	0
ENSG00000184208	147	4	143
ENSG00000167077	148	2	146
ENSG00000231261	0	0	0
ENSG00000252603	0	0	0
ENSG00000206813	1	0	1
ENSG00000100147	147	2	146
ENSG00000184068	59	158	6
ENSG00000198911	3010	10	3106
ENSG00000207932	1	0	1
ENSG00000234965	19	0	19
ENSG00000159958	1735	4	1732
ENSG00000100162	618	5	613
ENSG00000205704	33	1	33
ENSG00000100167	8	0	8
ENSG00000224883	0	0	0
ENSG00000183066	25	4	35
ENSG00000215347	4	15	0
ENSG00000198951	572	1	574
ENSG00000177096	37	1	37
ENSG00000238498	0	0	0
ENSG00000183172	131	2	129
ENSG00000184983	708	5	703
ENSG00000270083	7	2	5
ENSG00000237037	27	5	24
ENSG00000213790	5	1	4
ENSG00000100197	24	17	7
ENSG00000227370	1	0	1
ENSG00000232710	1	6	1
ENSG00000281538	5	4	5
ENSG00000205702	20	2	19
ENSG00000226450	8	1	7
ENSG00000100207	1678	7	1671
ENSG00000182057	12	3	9
ENSG00000233903	15	0	15
ENSG00000273366	6	0	6
ENSG00000229891	0	0	0
ENSG00000235568	71	1	71
ENSG00000230107	53	0	53
ENSG00000172250	5	72	0
ENSG00000189306	708	5	770
ENSG00000183569	17	43	1
ENSG00000182841	83	0	109
ENSG00000202058	849	8	841
ENSG00000251913	0	0	0
ENSG00000100227	705	3	703
ENSG00000276027	0	0	0
ENSG00000270022	8	1	7
ENSG00000100243	822	2	821
ENSG00000249222	2	0	2
ENSG00000128274	201	2	199
ENSG00000200448	0	0	0
ENSG00000234009	51	3	48
ENSG00000229608	1	1	0
ENSG00000274717	1	0	1
ENSG00000242247	839	4	835
ENSG00000100266	1408	7	1401
ENSG00000226989	3	0	3
ENSG00000230319	0	10	0
ENSG00000100271	29	0	38
ENSG00000234735	0	0	0
ENSG00000100290	3	2	1
ENSG00000100294	150	0	150
ENSG00000100300	567	1	567
ENSG00000100304	726	2	724
ENSG00000159307	0	0	1
ENSG00000236272	0	0	0
ENSG00000234892	0	0	0
ENSG00000203527	0	0	0
ENSG00000236117	0	0	0
ENSG00000186732	0	0	0
ENSG00000223843	1	1	0
ENSG00000186976	45	0	46
ENSG00000233157	0	0	0
ENSG00000180150	0	0	0
ENSG00000261251	21	1	21
ENSG00000130540	0	0	0
ENSG00000100341	0	0	0
ENSG00000100344	23	0	23
ENSG00000100347	631	2	629
ENSG00000224856	2	0	2
ENSG00000188677	2102	12	2092
ENSG00000279175	24	0	24
ENSG00000280434	90	0	90
ENSG00000138964	643	6	963
ENSG00000279933	15	339	1
ENSG00000280011	4	6	0
ENSG00000138944	1	1	1
ENSG00000220702	0	0	0
ENSG00000236079	0	0	0
ENSG00000232655	0	0	0
ENSG00000228807	0	0	0
ENSG00000279642	0	0	0
ENSG00000188636	75	0	75
ENSG00000215333	0	0	0
ENSG00000187012	1	0	1
ENSG00000234300	0	0	0
ENSG00000231801	0	0	0
ENSG00000186654	138	0	138
ENSG00000248405	1	0	1
ENSG00000241484	15	0	15
ENSG00000056487	2	0	2
ENSG00000223730	1	0	1
ENSG00000230922	0	0	0
ENSG00000226328	88	1	87
ENSG00000273243	9	0	9
ENSG00000093000	1660	3	1659
ENSG00000273353	1	0	1
ENSG00000100364	550	2	548
ENSG00000221598	1	0	1
ENSG00000273287	1	0	1
ENSG00000213752	0	0	0
ENSG00000100373	0	0	0
ENSG00000100376	294	3	291
ENSG00000077935	1	2	0
ENSG00000128408	0	0	0
ENSG00000232363	0	0	0
ENSG00000077942	0	0	0
ENSG00000238120	19	0	19
ENSG00000251985	0	0	0
ENSG00000280383	42	5	37
ENSG00000130638	1155	5	1166
ENSG00000264160	0	0	0
ENSG00000235347	9	25	0
ENSG00000279954	0	0	1
ENSG00000235091	0	1	0
ENSG00000188064	0	0	0
ENSG00000280424	2	2	0
ENSG00000273145	1	0	1
ENSG00000231711	3	3	0
ENSG00000182257	0	5	0
ENSG00000273289	0	0	0
ENSG00000241990	6	0	6
ENSG00000197182	24	1	23
ENSG00000231010	0	0	0
ENSG00000235159	7	0	7
ENSG00000266533	2	0	2
ENSG00000186951	516	7	510
ENSG00000280384	3	0	3
ENSG00000205643	127	1	126
ENSG00000130943	12	12	0
ENSG00000075234	405	19	386
ENSG00000277232	18	4	14
ENSG00000075218	412	1	412
ENSG00000100416	391	1	390
ENSG00000075275	36	6	31
ENSG00000230634	0	1	0
ENSG00000234869	2	2	0
ENSG00000075240	606	6	600
ENSG00000100422	611	3	608
ENSG00000260708	24	0	24
ENSG00000054611	859	2	857
ENSG00000280080	3	3	0
ENSG00000278881	9	9	0
ENSG00000280312	1	0	1
ENSG00000224715	0	0	0
ENSG00000218357	0	0	0
ENSG00000205634	0	0	0
ENSG00000224271	0	0	0
ENSG00000232897	0	0	0
ENSG00000230345	0	0	0
ENSG00000279712	0	0	0
ENSG00000235154	0	0	0
ENSG00000278890	0	0	0
ENSG00000238192	0	0	0
ENSG00000229275	0	0	0
ENSG00000266508	0	0	0
ENSG00000233179	0	0	0
ENSG00000219438	0	0	0
ENSG00000281732	0	0	0
ENSG00000266887	0	0	0
ENSG00000205632	0	0	0
ENSG00000226142	0	0	0
ENSG00000280199	0	0	0
ENSG00000188511	271	1	271
ENSG00000280224	7	7	0
ENSG00000279597	3	3	0
ENSG00000264139	0	0	0
ENSG00000212939	22	22	0
ENSG00000213279	8	1	7
ENSG00000235111	25	0	25
ENSG00000226954	2	0	2
ENSG00000223142	0	0	0
ENSG00000214727	0	0	0
ENSG00000100425	453	0	453
ENSG00000279345	6	6	0
ENSG00000236867	5	5	0
ENSG00000260613	1	0	1
ENSG00000229409	0	0	0
ENSG00000277771	0	0	0
ENSG00000279494	2	2	0
ENSG00000100426	657	15	644
ENSG00000182858	130	5	211
ENSG00000273192	0	79	3
ENSG00000184164	230	8	228
ENSG00000278869	12	3	9
ENSG00000198355	802	3	801
ENSG00000276753	0	0	0
ENSG00000188263	6	0	6
ENSG00000138892	1	1	0
ENSG00000100427	3	0	3
ENSG00000073146	1	0	1
ENSG00000280395	0	0	0
ENSG00000073150	14	2	12
ENSG00000170638	601	14	692
ENSG00000273188	11	12	0
ENSG00000273253	10	102	13
ENSG00000073169	215	6	240
ENSG00000272836	5	4	1
ENSG00000273137	3	34	0
ENSG00000128159	760	4	759
ENSG00000100429	10	1	9
ENSG00000188130	299	2	297
ENSG00000185386	282	1	281
ENSG00000196576	5225	22	5205
ENSG00000205593	402	29	399
ENSG00000227484	1	11	2
ENSG00000279182	0	5	6
ENSG00000100239	698	39	681
ENSG00000100241	2542	24	2538
ENSG00000128165	106	4	102
ENSG00000100253	6	1	5
ENSG00000100258	387	2	386
ENSG00000025770	531	0	535
ENSG00000130489	64	15	187
ENSG00000272821	14	131	23
ENSG00000025708	256	29	227
ENSG00000177989	176	29	147
ENSG00000272666	2	16	5
ENSG00000273272	0	3	16
ENSG00000226738	2	1	1
ENSG00000130487	51	0	51
ENSG00000217442	5	0	5
ENSG00000205560	6	0	6
ENSG00000254413	4	2	2
ENSG00000100288	11	0	11
ENSG00000205559	8	0	8
ENSG00000272940	0	0	0
ENSG00000008735	10	0	10
ENSG00000100299	300	0	300
ENSG00000212569	0	0	0
ENSG00000251322	5	2	5
ENSG00000206841	0	0	0
ENSG00000225929	0	0	0
ENSG00000100312	0	0	0
ENSG00000254499	0	0	0
ENSG00000213683	5	0	5
ENSG00000184319	214	14	212
ENSG00000079974	169	2	176
ERCC-00002	11	0	11
ERCC-00003	0	0	0
ERCC-00004	1	0	1
ERCC-00009	0	0	0
ERCC-00012	0	0	0
ERCC-00013	0	0	0
ERCC-00014	0	0	0
ERCC-00016	0	0	0
ERCC-00017	0	0	0
ERCC-00019	0	0	0
ERCC-00022	0	0	0
ERCC-00024	0	0	0
ERCC-00025	0	0	0
ERCC-00028	0	0	0
ERCC-00031	0	0	0
ERCC-00033	0	0	0
ERCC-00034	0	0	0
ERCC-00035	0	0	0
ERCC-00039	0	0	0
ERCC-00040	0	0	0
ERCC-00041	0	0	0
ERCC-00042	0	0	0
ERCC-00043	0	0	0
ERCC-00044	1	0	1
ERCC-00046	2	0	2
ERCC-00048	0	0	0
ERCC-00051	0	0	0
ERCC-00053	0	0	0
ERCC-00054	0	0	0
ERCC-00057	0	0	0
ERCC-00058	0	0	0
ERCC-00059	0	0	0
ERCC-00060	0	0	0
ERCC-00061	0	0	0
ERCC-00062	0	0	0
ERCC-00067	0	0	0
ERCC-00069	0	0	0
ERCC-00071	0	0	0
ERCC-00073	0	0	0
ERCC-00074	8	0	8
ERCC-00075	0	0	0
ERCC-00076	0	0	0
ERCC-00077	0	0	0
ERCC-00078	0	0	0
ERCC-00079	0	0	0
ERCC-00081	0	0	0
ERCC-00083	0	0	0
ERCC-00084	0	0	0
ERCC-00085	0	0	0
ERCC-00086	0	0	0
ERCC-00092	0	0	0
ERCC-00095	0	0	0
ERCC-00096	12	0	12
ERCC-00097	0	0	0
ERCC-00098	0	0	0
ERCC-00099	0	0	0
ERCC-00104	0	0	0
ERCC-00108	3	0	3
ERCC-00109	0	0	0
ERCC-00111	0	0	0
ERCC-00112	0	0	0
ERCC-00113	1	0	1
ERCC-00116	0	0	0
ERCC-00117	0	0	0
ERCC-00120	0	0	0
ERCC-00123	0	0	0
ERCC-00126	0	0	0
ERCC-00130	5	0	5
ERCC-00131	0	0	0
ERCC-00134	0	0	0
ERCC-00136	0	0	0
ERCC-00137	0	0	0
ERCC-00138	0	0	0
ERCC-00142	0	0	0
ERCC-00143	0	0	0
ERCC-00144	0	0	0
ERCC-00145	0	0	0
ERCC-00147	0	0	0
ERCC-00148	0	0	0
ERCC-00150	0	0	0
ERCC-00154	0	0	0
ERCC-00156	0	0	0
ERCC-00157	0	0	0
ERCC-00158	0	0	0
ERCC-00160	0	0	0
ERCC-00162	0	0	0
ERCC-00163	0	0	0
ERCC-00164	0	0	0
ERCC-00165	0	0	0
ERCC-00168	0	0	0
ERCC-00170	0	0	0
ERCC-00171	2	0	2
